/*********************************************
 * OPL 20.1.0.0 Data
 * Author: rudal
 * Creation Date: Jun 4, 2021 at 5:08:52 AM
 *********************************************/
place = 7 ;
candidate = 22 ;

c =[[0,0,38,0,0,0,0,0,0,0,0,0,0,0,0,0,0,0,0,0,0,0], 
[0,0,0,19, 17, 23, 37,0,0,0,0,0,0,0,0,0,0,0,0,0,0,0], 
[0,0,0,0,0,0,0,50,0,0,0,0,0,0,0,0,0,0,0,0,0,0], 
[0,0,0,0,0,0,0,0,0,0,24,16,0,0,0,0,0,0,0,0,0,0], 
[0,0,0,0,0,0,0,0,0,0,0,0,3, 2, 3, 16,0,0,0,0,0,0], 
[0,0,0,0,0,0,0,0,0,0,0,0,0,0,0,0,310,0,0,0,0,0], 
[0,0,0,0,0,0,0,0,0,0,0,0,0,0,0,0,0,36, 52, 33,0,0]
];